213
490
0 1 1.0
0 5 3.0
0 10 3.0
0 13 1.0
0 15 1.0
0 25 1.0
0 37 2.0
0 39 2.0
0 40 1.0
0 58 3.0
0 75 3.0
0 84 2.0
0 87 1.0
0 124 2.0
0 137 1.0
0 145 3.0
0 154 3.0
0 174 1.0
0 178 2.0
0 181 3.0
0 194 1.0
0 197 1.0
0 211 2.0
1 0 1.0
1 24 3.0
1 26 3.0
1 27 1.0
1 31 3.0
1 49 1.0
1 55 2.0
1 61 1.0
1 105 2.0
1 108 3.0
1 111 2.0
1 142 2.0
1 187 3.0
2 25 2.0
2 29 2.0
2 33 2.0
2 39 3.0
2 66 3.0
2 69 1.0
2 76 2.0
2 99 1.0
2 135 3.0
2 184 1.0
3 15 2.0
3 31 2.0
3 73 2.0
4 5 2.0
4 19 2.0
4 57 2.0
5 0 3.0
5 4 2.0
5 33 1.0
6 10 1.0
6 11 3.0
6 52 1.0
7 13 3.0
7 68 1.0
8 26 3.0
8 39 1.0
8 44 1.0
8 74 2.0
8 83 1.0
8 193 1.0
9 31 1.0
10 0 3.0
10 6 1.0
10 21 2.0
11 6 3.0
12 24 2.0
12 90 1.0
13 0 1.0
13 7 3.0
13 29 3.0
13 41 3.0
13 70 2.0
14 21 2.0
14 30 3.0
14 34 1.0
14 38 3.0
14 41 2.0
14 46 3.0
14 67 3.0
14 79 2.0
14 85 2.0
14 88 2.0
14 89 3.0
14 93 1.0
14 94 3.0
14 99 2.0
14 133 3.0
14 169 1.0
14 176 1.0
14 184 2.0
14 188 1.0
14 212 1.0
15 0 1.0
15 3 2.0
15 18 2.0
15 35 2.0
15 48 3.0
15 162 3.0
15 210 2.0
16 111 2.0
17 21 3.0
17 22 2.0
17 23 3.0
17 42 3.0
17 43 3.0
17 50 3.0
17 51 2.0
17 53 3.0
17 62 3.0
17 80 2.0
17 90 2.0
17 96 3.0
17 114 1.0
17 121 1.0
17 126 3.0
17 138 1.0
17 159 2.0
17 163 2.0
17 164 2.0
17 170 1.0
17 171 2.0
17 173 1.0
17 175 2.0
17 185 1.0
18 15 2.0
19 4 2.0
19 32 1.0
19 52 2.0
20 25 1.0
21 10 2.0
21 14 2.0
21 17 3.0
21 184 3.0
21 208 2.0
22 17 2.0
22 104 3.0
22 143 2.0
23 17 3.0
24 1 3.0
24 12 2.0
24 79 2.0
25 0 1.0
25 2 2.0
25 20 1.0
25 27 3.0
26 1 3.0
26 8 3.0
27 1 1.0
27 25 3.0
27 59 2.0
28 43 2.0
28 65 2.0
29 2 2.0
29 13 3.0
30 14 3.0
30 100 1.0
30 124 2.0
31 1 3.0
31 3 2.0
31 9 1.0
31 60 2.0
32 19 1.0
33 2 2.0
33 5 1.0
34 14 1.0
35 15 2.0
35 99 3.0
35 102 1.0
36 87 2.0
36 97 2.0
37 0 2.0
38 14 3.0
39 0 2.0
39 2 3.0
39 8 1.0
40 0 1.0
41 13 3.0
41 14 2.0
42 17 3.0
43 17 3.0
43 28 2.0
44 8 1.0
44 110 3.0
44 113 1.0
45 80 3.0
45 86 2.0
45 139 2.0
46 14 3.0
47 89 3.0
47 109 3.0
47 186 3.0
48 15 3.0
48 54 1.0
49 1 1.0
49 180 1.0
50 17 3.0
51 17 2.0
51 195 3.0
52 6 1.0
52 19 2.0
53 17 3.0
53 78 1.0
54 48 1.0
54 64 2.0
54 80 1.0
54 93 1.0
54 107 1.0
54 119 1.0
54 128 3.0
55 1 2.0
56 57 2.0
57 4 2.0
57 56 2.0
58 0 3.0
59 27 2.0
60 31 2.0
60 72 2.0
60 81 3.0
60 82 3.0
60 107 3.0
60 207 1.0
61 1 1.0
61 167 3.0
62 17 3.0
63 64 1.0
64 54 2.0
64 63 1.0
64 107 3.0
65 28 2.0
65 80 3.0
66 2 3.0
67 14 3.0
67 91 2.0
68 7 1.0
69 2 1.0
70 13 2.0
71 105 3.0
71 106 2.0
71 118 1.0
72 60 2.0
73 3 2.0
74 8 2.0
75 0 3.0
76 2 2.0
77 90 1.0
78 53 1.0
79 14 2.0
79 24 2.0
80 17 2.0
80 45 3.0
80 54 1.0
80 65 3.0
81 60 3.0
82 60 3.0
83 8 1.0
84 0 2.0
85 14 2.0
86 45 2.0
87 0 1.0
87 36 2.0
88 14 2.0
88 150 1.0
89 14 3.0
89 47 3.0
89 90 1.0
89 115 1.0
89 122 1.0
89 124 3.0
89 134 3.0
89 139 3.0
90 12 1.0
90 17 2.0
90 77 1.0
90 89 1.0
90 113 1.0
90 116 3.0
90 125 1.0
91 67 2.0
92 93 3.0
93 14 1.0
93 54 1.0
93 92 3.0
94 14 3.0
95 102 1.0
96 17 3.0
97 36 2.0
98 100 1.0
99 2 1.0
99 14 2.0
99 35 3.0
99 128 2.0
99 140 1.0
99 148 2.0
100 30 1.0
100 98 1.0
101 134 1.0
102 35 1.0
102 95 1.0
103 104 2.0
104 22 3.0
104 103 2.0
104 128 2.0
104 130 2.0
104 142 2.0
104 143 2.0
104 156 3.0
104 168 3.0
105 1 2.0
105 71 3.0
105 136 2.0
105 196 3.0
106 71 2.0
107 54 1.0
107 60 3.0
107 64 3.0
108 1 3.0
108 131 1.0
109 47 3.0
109 144 2.0
110 44 3.0
111 1 2.0
111 16 2.0
111 117 3.0
112 133 3.0
112 158 2.0
112 177 3.0
112 182 1.0
113 44 1.0
113 90 1.0
113 203 1.0
114 17 1.0
115 89 1.0
115 122 2.0
115 124 1.0
115 141 3.0
115 152 2.0
115 155 3.0
115 157 1.0
115 166 1.0
115 192 3.0
115 209 3.0
116 90 3.0
117 111 3.0
118 71 1.0
119 54 1.0
119 120 3.0
120 119 3.0
120 151 3.0
121 17 1.0
121 202 1.0
122 89 1.0
122 115 2.0
123 124 1.0
123 132 2.0
123 160 3.0
124 0 2.0
124 30 2.0
124 89 3.0
124 115 1.0
124 123 1.0
124 153 2.0
125 90 1.0
125 139 1.0
126 17 3.0
127 144 2.0
128 54 3.0
128 99 2.0
128 104 2.0
128 183 3.0
129 136 2.0
130 104 2.0
131 108 1.0
132 123 2.0
132 199 1.0
133 14 3.0
133 112 3.0
133 146 3.0
133 190 1.0
133 205 3.0
134 89 3.0
134 101 1.0
135 2 3.0
136 105 2.0
136 129 2.0
137 0 1.0
137 152 3.0
137 200 3.0
138 17 1.0
139 45 2.0
139 89 3.0
139 125 1.0
139 147 1.0
140 99 1.0
141 115 3.0
142 1 2.0
142 104 2.0
142 177 1.0
142 206 3.0
143 22 2.0
143 104 2.0
144 109 2.0
144 127 2.0
145 0 3.0
146 133 3.0
147 139 1.0
148 99 2.0
148 198 1.0
149 150 2.0
150 88 1.0
150 149 2.0
151 120 3.0
152 115 2.0
152 137 3.0
153 124 2.0
154 0 3.0
155 115 3.0
156 104 3.0
157 115 1.0
157 165 3.0
158 112 2.0
158 179 2.0
158 189 2.0
159 17 2.0
160 123 3.0
161 174 1.0
162 15 3.0
162 191 2.0
163 17 2.0
164 17 2.0
165 157 3.0
165 172 2.0
166 115 1.0
166 204 2.0
167 61 3.0
168 104 3.0
169 14 1.0
170 17 1.0
171 17 2.0
172 165 2.0
173 17 1.0
174 0 1.0
174 161 1.0
175 17 2.0
176 14 1.0
177 112 3.0
177 142 1.0
178 0 2.0
179 158 2.0
180 49 1.0
181 0 3.0
182 112 1.0
183 128 3.0
183 201 2.0
184 2 1.0
184 14 2.0
184 21 3.0
185 17 1.0
186 47 3.0
187 1 3.0
188 14 1.0
189 158 2.0
190 133 1.0
191 162 2.0
192 115 3.0
193 8 1.0
194 0 1.0
195 51 3.0
196 105 3.0
197 0 1.0
198 148 1.0
199 132 1.0
200 137 3.0
201 183 2.0
202 121 1.0
203 113 1.0
204 166 2.0
205 133 3.0
206 142 3.0
207 60 1.0
208 21 2.0
209 115 3.0
210 15 2.0
211 0 2.0
212 14 1.0
